82
125
105
111
55
145
89
86
81
73
96
61
126
82
76
123
109
90
50
149
130
98
141
136
81
130
135
122
70
122
86
126
68
78
122
113
132
142
89
99
145
79
70
136
65
133
72
124
72
64
83
59
76
110
102
102
104
148
131
139
112
51
85
76
61
74
92
140
55
69
95
67
106
82
104
98
60
129
141
52
142
83
129
87
136
117
92
62
57
150
52
81
70
112
134
86
121
80
74
131
149
61
82
135
150
104
53
80
133
121
102
111
63
56
87
133
73
104
103
145
115
53
133
65
135
70
85
68
110
104
127
126
100
132
52
116
89
78
143
110
55
149
96
139
73
131
119
94
118
109
93
122
138
150
94
131
120
137
128
82
111
102
76
78
81
51
144
110
120
93
106
93
70
86
58
112
102
124
136
125
109
146
106
84
85
59
67
122
141
132
71
111
50
122
139
100
98
143
117
66
65
64
110
55
55
125
89
144
114
82
84
94
67
63
144
63
60
69
104
74
144
95
78
90
146
68
101
119
117
104
118
71
86
72
61
74
54
69
149
54
111
59
142
54
111
89
76
64
102
120
106
93
130
62
119
103
93
144
105
138
146
80
79
119
110
90
109
121
72
150
108
93
77
138
71
61
76
130
100
73
68
122
116
89
134
136
102
147
142
88
86
115
148
53
85
137
114
76
54
133
134
111
114
143
87
131
93
91
149
118
107
99
65
55
75
97
108
134
69
107
140
89
98
110
67
62
54
104
127
133
146
55
139
82
57
127
95
114
59
106
68
128
141
96
71
77
68
76
56
96
125
117
135
98
133
99
107
717
970
957
786
774
501
681
618
552
508
737
609