79
79
79
1247
1247
1247
1118
1118
1118
252
252
252
891
891
891
1925
1925
1925
522
495
389
389
187
187
1016
981
981
1204
1396
1901
1901
1875
1810
1810
1704
1704
1550
954
997
997
997
622
622
622
180
180
180
972
972
972
399
399
399
1237
1237
553
676
867
867
915
915
82
115
115
170
397
1269
1269
1204
1000
1000
839
839
882
295
1875
1875
1875
654
654
654
1042
1042
1042
1654
1654
1654
1036
1036
1036
92
92
92
1611
1764
1497
1497
1853
1853
1159
1158
1158
1134
947
48
51
350
350
507
507
347
1038
1038
942
942
942
420
420
420
177
177
177
844
844
844
159
159
159
1092
1092
1092
570
570
718
714
714
882
882
166
134
134
324
445
445
1107
1052
899
899
763
763
715
48
355
355
355
891
891
891
774
774
774
256
256
256
531
531
531
1576
1576
1576
328
415
202
202
337
337
684
646
646
877
1052
1558
1528
1528
1451
1451
1344
1344
1197
1197
598
598
1527
1527
1527
430
430
430
470
470
470
1402
1402
1402
665
665
665
670
670
670
1143
1143
1284
1257
1257
1469
1469
597
615
615
496
273
735
652
652
388
388
214
214
427
427
593
465
465
424
424
423
423
111
111
981
948
1165
1165
1365
1911
1911
1882
1803
1691
1552
935
957
957
1110
1110
906
906
1212
1212
546
533
533
593
593
518
696
650
568
496
496
311
389
389
677
677
814
814
887
887
1018
1018
128
147
161
279
1089
1089
1023
1023
826
670
702
215
554
554
596
596
157
157
368
368
932
893
893
1126
1289
1685
1685
1666
1629
1539
1539
1351
822
822
576
729
729
595
595
836
320
320
284
482
482
575
1078
1034
925
925
813
813
695
114
1649
1802
1560
1560
1904
1178
1178
1179
1179
1137
1137
938
109
109
53
304
304
475
475
384
1071
0
0
0
0
0
0
0
0
0
0
0
0