7
7
7
9
9
9
11
11
11
13
13
13
15
15
15
17
17
17
19
20
21
21
22
22
23
24
24
25
26
27
27
28
29
29
30
30
31
32
7
7
7
9
9
9
11
11
11
13
13
13
15
15
15
17
17
19
20
21
21
22
22
23
24
24
25
26
27
27
28
29
29
30
30
31
32
7
7
7
9
9
9
11
11
11
13
13
13
15
15
15
17
17
17
19
20
21
21
22
22
23
24
24
25
26
27
28
29
29
30
30
31
32
32
7
7
7
9
9
9
11
11
11
13
13
13
15
15
15
17
17
17
19
19
20
21
21
22
22
23
24
24
25
26
26
27
28
29
29
30
30
31
32
7
7
7
9
9
9
11
11
11
13
13
13
15
15
15
17
17
17
19
20
21
21
22
22
23
24
24
25
26
27
28
28
29
29
30
30
31
31
32
32
7
7
7
9
9
9
11
11
11
13
13
13
15
15
15
17
17
17
19
19
20
21
21
22
22
23
24
24
25
26
27
28
28
29
29
30
30
31
31
32
19
19
20
20
21
21
22
22
23
24
25
25
26
27
27
28
29
30
31
32
19
19
20
20
21
21
22
22
23
24
24
25
25
26
27
28
29
30
30
31
32
32
19
19
20
20
21
21
22
22
23
24
25
26
27
27
28
28
29
30
31
32
19
19
20
20
21
21
22
22
23
24
24
25
26
27
27
28
29
30
30
31
32
32
19
20
20
21
21
22
23
23
24
25
25
26
27
28
29
29
30
30
31
32
19
20
21
21
22
23
23
24
24
25
25
26
27
27
28
29
29
30
30
31
32
8
8
10
10
12
12
14
14
16
16
18
18
