8
9
10
6
7
8
7
8
9
5
6
7
10
12
14
11
13
15
48
53
77
87
68
78
75
55
65
40
59
35
45
77
70
80
46
56
45
78
7
8
9
5
6
7
6
7
8
6
7
8
9
10
12
11
15
49
62
63
73
77
87
43
52
62
41
51
62
72
48
40
50
41
51
54
67
9
10
12
11
13
15
10
12
14
7
8
9
8
9
10
10
12
14
39
59
64
74
65
75
58
69
79
80
54
55
63
65
75
53
63
75
60
70
5
6
7
6
7
8
8
9
10
8
9
10
8
9
10
9
10
12
58
68
76
67
77
58
68
54
58
65
40
60
70
53
54
57
67
62
72
45
77
5
6
7
6
7
8
7
8
9
8
9
10
6
7
8
7
8
9
68
77
56
66
45
50
61
65
75
55
43
61
62
72
52
62
50
60
51
61
43
53
11
13
15
9
10
12
6
7
8
8
9
10
9
10
12
5
6
7
43
55
78
75
85
59
69
52
37
48
51
57
63
50
60
48
58
76
86
36
46
61
10
12
8
10
9
11
8
10
9
6
11
13
8
7
5
7
7
5
6
6
9
11
5
8
10
11
10
12
9
8
10
6
8
9
6
8
10
10
13
9
10
13
7
10
10
13
6
9
7
10
10
7
9
10
5
8
8
11
8
6
8
8
7
10
5
8
7
10
7
11
7
11
13
10
8
9
12
8
11
5
8
7
8
11
9
8
11
9
12
10
7
10
11
7
10
11
5
10
5
8
11
14
5
6
9
8
8
11
10
10
14
8
12
6
10
7
5
9
9
7
10
7
11
5
5
33
44
49
44
38
47
38
42
36
41
40
39
