744
628
926
716
722
558
567
783
735
939
811
624
923
764
504
543
945
680
797
844
797
803
841
674
848
845
756
636
933
913
758
996
559
883
839
701
924
813
528
950
517
864
644
751
863
997
763
535
922
562
849
679
623
964
654
657
741
879
967
593
684
949
989
556
677
757
861
585
503
839
505
771
906
550
974
701
929
895
688
714
960
523
523
685
511
610
646
817
987
795
894
716
513
625
766
966
986
789
989
586
828
987
661
895
740
792
578
571
540
502
734
541
846
610
592
548
778
553
599
777
525
518
785
801
887
823
740
720
776
652
733
902
531
719
651
717
968
805
682
534
960
892
794
730
620
664
718
647
818
632
518
816
742
810
853
873
819
540
839
600
625
968
707
830
751
841
626
863
682
726
751
815
556
852
995
842
671
904
814
658
622
701
606
607
505
912
508
587
670
995
709
533
813
830
580
967
541
922
545
633
871
917
784
522
507
706
839
871
992
558
728
699
695
808
729
854
616
620
718
571
654
954
797
826
662
802
981
646
911
546
663
633
588
859
709
646
924
717
696
687
786
714
799
556
687
912
798
705
993
593
588
576
609
767
543
685
544
617
886
866
574
849
643
733
634
526
976
776
641
679
913
760
911
978
602
519
586
769
680
557
691
954
895
920
930
669
597
779
914
775
915
529
607
661
928
676
551
934
755
883
694
680
509
898
965
793
740
792
980
609
857
619
849
558
614
525
582
643
822
717
839
655
909
814
893
532
704
766
888
793
749
874
961
543
775
728
827
971
881
555
687
727
737
983
922
950
730
669
930
972
660
890
853
667
605
961
893
1287
1276
1587
1262
1025
1046
1814
1077
1335
1906
1548
1900
