355
355
355
509
509
340
340
617
617
86
44
160
149
169
169
207
207
248
248
387
387
625
625
625
240
240
240
98
98
406
406
356
356
242
242
431
431
360
360
107
238
228
152
269
383
202
344
523
523
478
478
525
739
739
341
341
453
453
427
427
157
157
330
362
343
149
421
421
303
303
499
499
447
447
192
241
212
200
486
486
477
477
386
386
327
327
465
465
644
632
632
254
254
477
477
551
584
120
0
0
0
0
0
0
0
0