623
564
724
581
571
646
536
725
788
636
916
847
601
875
523
914
595
554
664
725
654
849
513
643
897
831
752
648
539
736
794
507
980
827
597
850
929
778
862
657
801
854
992
619
647
946
997
515
747
716
525
769
503
545
623
646
526
962
668
693
709
639
918
745
930
520
694
929
758
606
672
715
769
638
573
818
796
684
688
716
541
741
807
746
700
523
983
803
712
592
766
941
718
878
669
791
500
692
1250
1350
1500
1600
1750
1850
1900
2000